0.982477,1.085805,1.2,0.888982
0.888982,0.982477,1.085805,0.804384
0.804384,0.888982,0.982477,0.727837
0.727837,0.804384,0.888982,0.658574
0.658574,0.727837,0.804384,0.595902
0.595902,0.658574,0.727837,0.539195
0.539195,0.595902,0.658574,0.487884
0.487884,0.539195,0.595902,0.441455
0.441455,0.487884,0.539195,0.399445
0.399445,0.441455,0.487884,0.361433
0.361433,0.399445,0.441455,0.327038
0.327038,0.361433,0.399445,0.295916
0.295916,0.327038,0.361433,0.267756
0.267756,0.295916,0.327038,0.242276
0.242276,0.267756,0.295916,0.21922
0.21922,0.242276,0.267756,0.246463
0.246463,0.21922,0.242276,0.307757
0.307757,0.246463,0.21922,0.397178
0.397178,0.307757,0.246463,0.494698
0.494698,0.397178,0.307757,0.583265
0.583265,0.494698,0.397178,0.655619
0.655619,0.583265,0.494698,0.710732
0.710732,0.655619,0.583265,0.750036
0.750036,0.710732,0.655619,0.77563
0.77563,0.750036,0.710732,0.78963
0.78963,0.77563,0.750036,0.793964
0.793964,0.78963,0.77563,0.79033
0.79033,0.793964,0.78963,0.780201
0.780201,0.79033,0.793964,0.764842
0.764842,0.780201,0.79033,0.745342
0.745342,0.764842,0.780201,0.722627
0.722627,0.745342,0.764842,0.697486
0.697486,0.722627,0.745342,0.675245
0.675245,0.697486,0.722627,0.663863
0.663863,0.675245,0.697486,0.668461
0.668461,0.663863,0.675245,0.690802
0.690802,0.668461,0.663863,0.728579
0.728579,0.690802,0.668461,0.77708
0.77708,0.728579,0.690802,0.830922
0.830922,0.77708,0.728579,0.885404
0.885404,0.830922,0.77708,0.937379
0.937379,0.885404,0.830922,0.985353
0.985353,0.937379,0.885404,1.028993
1.028993,0.985353,0.937379,1.068476
1.068476,1.028993,0.985353,1.104007
1.104007,1.068476,1.028993,1.135587
1.135587,1.104007,1.068476,1.162981
1.162981,1.135587,1.104007,1.185804
1.185804,1.162981,1.135587,1.203651
1.203651,1.185804,1.162981,1.216485
1.216485,1.203651,1.185804,1.225608
1.225608,1.216485,1.203651,1.233433
1.233433,1.225608,1.216485,1.242714
1.242714,1.233433,1.225608,1.255372
1.255372,1.242714,1.233433,1.271314
1.271314,1.255372,1.242714,1.287582
1.287582,1.271314,1.255372,1.298593
1.298593,1.287582,1.271314,1.298236
1.298236,1.298593,1.287582,1.282756
1.282756,1.298236,1.298593,1.251977
1.251977,1.282756,1.298236,1.208379
1.208379,1.251977,1.282756,1.155518
1.155518,1.208379,1.251977,1.096929
1.096929,1.155518,1.208379,1.035636
1.035636,1.096929,1.155518,0.974022
0.974022,1.035636,1.096929,0.91388
0.91388,0.974022,1.035636,0.856496
0.856496,0.91388,0.974022,0.802634
0.802634,0.856496,0.91388,0.752489
0.752489,0.802634,0.856496,0.705736
0.705736,0.752489,0.802634,0.66173
0.66173,0.705736,0.752489,0.61984
0.61984,0.66173,0.705736,0.579818
0.579818,0.61984,0.66173,0.541986
0.541986,0.579818,0.61984,0.507193
0.507193,0.541986,0.579818,0.476675
0.476675,0.507193,0.541986,0.452062
0.452062,0.476675,0.507193,0.435599
0.435599,0.452062,0.476675,0.430438
0.430438,0.435599,0.452062,0.440628
0.440628,0.430438,0.435599,0.470066
0.470066,0.440628,0.430438,0.519976
0.519976,0.470066,0.440628,0.586417
0.586417,0.519976,0.470066,0.661005
0.661005,0.586417,0.519976,0.734798
0.734798,0.661005,0.586417,0.801487
0.801487,0.734798,0.661005,0.857915
0.857915,0.801487,0.734798,0.90311
0.90311,0.857915,0.801487,0.93726
0.93726,0.90311,0.857915,0.96109
0.96109,0.93726,0.90311,0.975605
0.975605,0.96109,0.93726,0.982012
0.982012,0.975605,0.96109,0.981697
0.981697,0.982012,0.975605,0.976237
0.976237,0.981697,0.982012,0.967452
0.967452,0.976237,0.981697,0.957519
0.957519,0.967452,0.976237,0.949112
0.949112,0.957519,0.967452,0.945426
0.945426,0.949112,0.957519,0.94983
0.94983,0.945426,0.949112,0.964947
0.964947,0.94983,0.945426,0.991405
0.991405,0.964947,0.94983,1.026797
1.026797,0.991405,0.964947,1.065501
1.065501,1.026797,0.991405,1.100331
1.100331,1.065501,1.026797,1.125689
1.125689,1.100331,1.065501,1.139706
1.139706,1.125689,1.100331,1.143858
1.143858,1.139706,1.125689,1.141285
1.141285,1.143858,1.139706,1.1354
1.1354,1.141285,1.143858,1.129145
1.129145,1.1354,1.141285,1.124705
1.124705,1.129145,1.1354,1.123387
1.123387,1.124705,1.129145,1.125572
1.125572,1.123387,1.124705,1.130703
1.130703,1.125572,1.123387,1.137322
1.137322,1.130703,1.125572,1.143128
1.143128,1.137322,1.130703,1.144988
1.144988,1.143128,1.137322,1.139072
1.139072,1.144988,1.143128,1.121762
1.121762,1.139072,1.144988,1.091658
1.091658,1.121762,1.139072,1.050963
1.050963,1.091658,1.121762,1.004313
1.004313,1.050963,1.091658,0.956414
0.956414,1.004313,1.050963,0.910743
0.910743,0.956414,1.004313,0.869387
0.869387,0.910743,0.956414,0.833268
0.833268,0.869387,0.910743,0.802381
0.802381,0.833268,0.869387,0.776007
0.776007,0.802381,0.833268,0.752966
0.752966,0.776007,0.802381,0.731924
0.731924,0.752966,0.776007,0.711727
0.711727,0.731924,0.752966,0.691683
0.691683,0.711727,0.731924,0.671748
0.671748,0.691683,0.711727,0.65264
0.65264,0.671748,0.691683,0.635941
0.635941,0.65264,0.671748,0.624249
0.624249,0.635941,0.65264,0.621204
0.621204,0.624249,0.635941,0.630916
0.630916,0.621204,0.624249,0.656368
0.656368,0.630916,0.621204,0.697366
0.697366,0.656368,0.630916,0.749925
0.749925,0.697366,0.656368,0.808058
0.808058,0.749925,0.697366,0.866325
0.866325,0.808058,0.749925,0.921143
0.921143,0.866325,0.808058,0.970719
0.970719,0.921143,0.866325,1.014423
1.014423,0.970719,0.921143,1.052204
1.052204,1.014423,0.970719,1.084218
1.084218,1.052204,1.014423,1.110668
1.110668,1.084218,1.052204,1.131784
1.131784,1.110668,1.084218,1.147901
1.147901,1.131784,1.110668,1.159582
1.159582,1.147901,1.131784,1.167774
1.167774,1.159582,1.147901,1.173954
1.173954,1.167774,1.159582,1.180189
1.180189,1.173954,1.167774,1.188916
1.188916,1.180189,1.173954,1.202192
1.202192,1.188916,1.180189,1.220445
1.220445,1.202192,1.188916,1.241186
1.241186,1.220445,1.202192,1.258763
1.258763,1.241186,1.220445,1.266286
1.266286,1.258763,1.241186,1.258944
1.258944,1.266286,1.258763,1.235924
1.235924,1.258944,1.266286,1.199665
1.199665,1.235924,1.258944,1.153978
1.153978,1.199665,1.235924,1.102639
1.102639,1.153978,1.199665,1.048778
1.048778,1.102639,1.153978,0.994755
0.994755,1.048778,1.102639,0.942235
0.942235,0.994755,1.048778,0.89228
0.89228,0.942235,0.994755,0.845406
0.845406,0.89228,0.942235,0.801591
0.801591,0.845406,0.89228,0.76028
0.76028,0.801591,0.845406,0.720531
0.720531,0.76028,0.801591,0.681399
0.681399,0.720531,0.76028,0.642465
0.642465,0.681399,0.720531,0.604178
0.604178,0.642465,0.681399,0.567762
0.567762,0.604178,0.642465,0.534886
0.534886,0.567762,0.604178,0.507477
0.507477,0.534886,0.567762,0.487817
0.487817,0.507477,0.534886,0.478731
0.478731,0.487817,0.507477,0.483538
0.483538,0.478731,0.487817,0.505308
0.505308,0.483538,0.478731,0.54526
0.54526,0.505308,0.483538,0.601152
0.601152,0.54526,0.505308,0.667339
0.667339,0.601152,0.54526,0.736852
0.736852,0.667339,0.601152,0.803747
0.803747,0.736852,0.667339,0.864109
0.864109,0.803747,0.736852,0.915841
0.915841,0.864109,0.803747,0.958028
0.958028,0.915841,0.864109,0.990449
0.990449,0.958028,0.915841,1.01337
1.01337,0.990449,0.958028,1.027499
1.027499,1.01337,0.990449,1.033953
1.033953,1.027499,1.01337,1.034205
1.034205,1.033953,1.027499,1.030058
1.030058,1.034205,1.033953,1.023661
1.023661,1.030058,1.034205,1.017569
1.017569,1.023661,1.030058,1.014712
1.014712,1.017569,1.023661,1.018122
1.018122,1.014712,1.017569,1.030285
1.030285,1.018122,1.014712,1.052185
1.052185,1.030285,1.018122,1.082272
1.082272,1.052185,1.030285,1.115781
1.115781,1.082272,1.052185,1.145484
1.145484,1.115781,1.082272,1.164577
1.164577,1.145484,1.115781,1.169838
1.169838,1.164577,1.145484,1.162239
1.162239,1.169838,1.164577,1.145265
1.145265,1.162239,1.169838,1.123018
1.123018,1.145265,1.162239,1.099141
1.099141,1.123018,1.145265,1.076439
1.076439,1.099141,1.123018,1.056806
1.056806,1.076439,1.099141,1.041191
1.041191,1.056806,1.076439,1.029549
1.029549,1.041191,1.056806,1.020763
1.020763,1.029549,1.041191,1.012659
1.012659,1.020763,1.029549,1.002189
1.002189,1.012659,1.020763,0.985975
0.985975,1.002189,1.012659,0.961373
0.961373,0.985975,1.002189,0.927878
0.927878,0.961373,0.985975,0.887701
0.887701,0.927878,0.961373,0.844748
0.844748,0.887701,0.927878,0.803028
0.803028,0.844748,0.887701,0.765798
0.765798,0.803028,0.844748,0.735436
0.735436,0.765798,0.803028,0.713515
0.713515,0.735436,0.765798,0.700766
0.700766,0.713515,0.735436,0.696985
0.696985,0.700766,0.713515,0.701059
0.701059,0.696985,0.700766,0.711217
0.711217,0.701059,0.696985,0.725485
0.725485,0.711217,0.701059,0.742205
0.742205,0.725485,0.711217,0.760487
0.760487,0.742205,0.725485,0.780547
0.780547,0.760487,0.742205,0.803796
0.803796,0.780547,0.760487,0.832465
0.832465,0.803796,0.780547,0.868391
0.868391,0.832465,0.803796,0.911255
0.911255,0.868391,0.832465,0.957877
0.957877,0.911255,0.868391,1.003735
1.003735,0.957877,0.911255,1.045223
1.045223,1.003735,0.957877,1.080692
1.080692,1.045223,1.003735,1.110207
1.110207,1.080692,1.045223,1.134864
1.134864,1.110207,1.080692,1.156158
1.156158,1.134864,1.110207,1.175524
1.175524,1.156158,1.134864,1.194054
1.194054,1.175524,1.156158,1.212379
1.212379,1.194054,1.175524,1.230695
1.230695,1.212379,1.194054,1.248884
1.248884,1.230695,1.212379,1.26664
1.26664,1.248884,1.230695,1.28348
1.28348,1.26664,1.248884,1.2985
1.2985,1.28348,1.26664,1.309769
1.309769,1.2985,1.28348,1.313696
1.313696,1.309769,1.2985,1.30566
1.30566,1.313696,1.309769,1.282615
1.282615,1.30566,1.313696,1.245222
1.245222,1.282615,1.30566,1.19702
1.19702,1.245222,1.282615,1.142193
1.142193,1.19702,1.245222,1.084148
1.084148,1.142193,1.19702,1.025192
1.025192,1.084148,1.142193,0.966703
0.966703,1.025192,1.084148,0.909441
0.909441,0.966703,1.025192,0.853817
0.853817,0.909441,0.966703,0.800079
0.800079,0.853817,0.909441,0.748416
0.748416,0.800079,0.853817,0.698999
0.698999,0.748416,0.800079,0.651991
0.651991,0.698999,0.748416,0.607558
0.607558,0.651991,0.698999,0.565929
0.565929,0.607558,0.651991,0.527497
0.527497,0.565929,0.607558,0.492962
0.492962,0.527497,0.565929,0.463451
0.463451,0.492962,0.527497,0.440647
0.440647,0.463451,0.492962,0.426956
0.426956,0.440647,0.463451,0.425606
0.425606,0.426956,0.440647,0.44032
0.44032,0.425606,0.426956,0.474057
0.474057,0.44032,0.425606,0.526868
0.526868,0.474057,0.44032,0.594386
0.594386,0.526868,0.474057,0.668819
0.668819,0.594386,0.526868,0.741983
0.741983,0.668819,0.594386,0.807811
0.807811,0.741983,0.668819,0.863005
0.863005,0.807811,0.741983,0.906455
0.906455,0.863005,0.807811,0.938388
0.938388,0.906455,0.863005,0.95973
0.95973,0.938388,0.906455,0.971732
0.971732,0.95973,0.938388,0.975805
0.975805,0.971732,0.95973,0.973487
0.973487,0.975805,0.971732,0.96648
0.96648,0.973487,0.975805,0.956735
0.956735,0.96648,0.973487,0.94657
0.94657,0.956735,0.96648,0.938761
0.938761,0.94657,0.956735,0.936469
0.936469,0.938761,0.94657,0.942809
0.942809,0.936469,0.938761,0.959995
0.959995,0.942809,0.936469,0.988265
0.988265,0.959995,0.942809,1.02491
1.02491,0.988265,0.959995,1.064101
1.064101,1.02491,0.988265,1.098665
1.098665,1.064101,1.02491,1.123405
1.123405,1.098665,1.064101,1.13706
1.13706,1.123405,1.098665,1.141552
1.141552,1.13706,1.123405,1.140181
1.140181,1.141552,1.13706,1.136291
1.136291,1.140181,1.141552,1.132636
1.132636,1.136291,1.140181,1.131148
1.131148,1.132636,1.136291,1.132844
1.132844,1.131148,1.132636,1.137804
1.137804,1.132844,1.131148,1.145212
1.145212,1.137804,1.132844,1.153459
1.153459,1.145212,1.137804,1.160217
1.160217,1.153459,1.145212,1.162401
1.162401,1.160217,1.153459,1.156239
1.156239,1.162401,1.160217,1.138207
1.138207,1.156239,1.162401,1.107121
1.107121,1.138207,1.156239,1.065472
1.065472,1.107121,1.138207,1.018065
1.018065,1.065472,1.107121,0.969583
0.969583,1.018065,1.065472,0.923356
0.923356,0.969583,1.018065,0.881269
0.881269,0.923356,0.969583,0.844032
0.844032,0.881269,0.923356,0.811458
0.811458,0.844032,0.881269,0.782721
0.782721,0.811458,0.844032,0.756648
0.756648,0.782721,0.811458,0.732041
0.732041,0.756648,0.782721,0.707977
0.707977,0.732041,0.756648,0.684032
0.684032,0.707977,0.732041,0.660379
0.660379,0.684032,0.707977,0.637844
0.637844,0.660379,0.684032,0.617994
0.617994,0.637844,0.660379,0.603317
0.603317,0.617994,0.637844,0.597306
0.597306,0.603317,0.617994,0.604023
0.604023,0.597306,0.603317,0.626663
0.626663,0.604023,0.597306,0.665554
0.665554,0.626663,0.604023,0.717249
0.717249,0.665554,0.626663,0.775948
0.775948,0.717249,0.665554,0.835981
0.835981,0.775948,0.717249,0.893317
0.893317,0.835981,0.775948,0.945695
0.945695,0.893317,0.835981,0.992089
0.992089,0.945695,0.893317,1.032149
1.032149,0.992089,0.945695,1.065827
1.065827,1.032149,0.992089,1.093216
1.093216,1.065827,1.032149,1.114525
1.114525,1.093216,1.065827,1.13014
1.13014,1.114525,1.093216,1.140719
1.140719,1.13014,1.114525,1.147307
1.147307,1.140719,1.13014,1.151472
1.151472,1.147307,1.140719,1.155376
1.155376,1.151472,1.147307,1.161622
1.161622,1.155376,1.151472,1.172652
1.172652,1.161622,1.155376,1.189671
1.189671,1.172652,1.161622,1.211384
1.211384,1.189671,1.172652,1.233268
1.233268,1.211384,1.189671,1.248462
1.248462,1.233268,1.211384,1.250668
1.250668,1.248462,1.233268,1.237057
1.237057,1.250668,1.248462,1.208749
1.208749,1.237057,1.250668,1.169213
1.169213,1.208749,1.237057,1.122479
1.122479,1.169213,1.208749,1.072115
1.072115,1.122479,1.169213,1.020906
1.020906,1.072115,1.122479,0.970856
0.970856,1.020906,1.072115,0.923279
0.923279,0.970856,1.020906,0.878864
0.878864,0.923279,0.970856,0.837673
0.837673,0.878864,0.923279,0.799122
0.799122,0.837673,0.878864,0.762077
0.762077,0.799122,0.837673,0.725223
0.725223,0.762077,0.799122,0.68768
0.68768,0.725223,0.762077,0.649539
0.649539,0.68768,0.725223,0.611928
0.611928,0.649539,0.68768,0.576625
0.576625,0.611928,0.649539,0.545677
0.545677,0.576625,0.611928,0.521332
0.521332,0.545677,0.576625,0.506185
0.506185,0.521332,0.545677,0.503249
0.503249,0.506185,0.521332,0.515553
0.515553,0.503249,0.506185,0.545016
0.545016,0.515553,0.503249,0.590971
0.590971,0.545016,0.515553,0.649578
0.649578,0.590971,0.545016,0.714975
0.714975,0.649578,0.590971,0.781321
0.781321,0.714975,0.649578,0.844174
0.844174,0.781321,0.714975,0.900712
0.900712,0.844174,0.781321,0.949309
0.949309,0.900712,0.844174,0.989066
0.989066,0.949309,0.900712,1.019593
1.019593,0.989066,0.949309,1.041016
1.041016,1.019593,0.989066,1.054012
1.054012,1.041016,1.019593,1.059763
1.059763,1.054012,1.041016,1.059877
1.059877,1.059763,1.054012,1.056343
1.056343,1.059877,1.059763,1.05153
1.05153,1.056343,1.059877,1.048181
1.048181,1.05153,1.056343,1.049234
1.049234,1.048181,1.05153,1.057364
1.057364,1.049234,1.048181,1.074217
1.074217,1.057364,1.049234,1.099463
1.099463,1.074217,1.057364,1.129911
1.129911,1.099463,1.074217,1.159358
1.159358,1.129911,1.099463,1.180342
1.180342,1.159358,1.129911,1.187519
1.187519,1.180342,1.159358,1.179893
1.179893,1.187519,1.180342,1.160138
1.160138,1.179893,1.187519,1.1325
1.1325,1.160138,1.179893,1.101156
1.101156,1.1325,1.160138,1.069486
1.069486,1.101156,1.1325,1.039921
1.039921,1.069486,1.101156,1.013946
1.013946,1.039921,1.069486,0.992104
0.992104,1.013946,1.039921,0.973929
0.973929,0.992104,1.013946,0.957909
0.957909,0.973929,0.992104,0.941608
0.941608,0.957909,0.973929,0.922086
0.922086,0.941608,0.957909,0.896761
0.896761,0.922086,0.941608,0.86454
0.86454,0.896761,0.922086,0.826563
0.826563,0.86454,0.896761,0.785791
0.785791,0.826563,0.86454,0.745799
0.745799,0.785791,0.826563,0.709874
0.709874,0.745799,0.785791,0.680764
0.680764,0.709874,0.745799,0.660696
0.660696,0.680764,0.709874,0.651282
0.651282,0.660696,0.680764,0.653232
0.653232,0.651282,0.660696,0.666083
0.666083,0.653232,0.651282,0.688225
0.688225,0.666083,0.653232,0.717346
0.717346,0.688225,0.666083,0.751092
0.751092,0.717346,0.688225,0.787658
0.787658,0.751092,0.717346,0.826121
0.826121,0.787658,0.751092,0.86643
0.86643,0.826121,0.787658,0.908937
0.908937,0.86643,0.826121,0.953453
0.953453,0.908937,0.86643,0.998343
0.998343,0.953453,0.908937,1.040707
1.040707,0.998343,0.953453,1.07771
1.07771,1.040707,0.998343,1.107795
1.107795,1.07771,1.040707,1.130955
1.130955,1.107795,1.07771,1.148364
1.148364,1.130955,1.107795,1.161881
1.161881,1.148364,1.130955,1.173615
1.173615,1.161881,1.148364,1.185533
1.185533,1.173615,1.161881,1.199113
1.199113,1.185533,1.173615,1.215074
1.215074,1.199113,1.185533,1.233217
1.233217,1.215074,1.199113,1.252395
1.252395,1.233217,1.215074,1.270558
1.270558,1.252395,1.233217,1.284811
1.284811,1.270558,1.252395,1.291496
1.291496,1.284811,1.270558,1.286632
1.286632,1.291496,1.284811,1.267273
1.267273,1.286632,1.291496,1.233267
1.233267,1.267273,1.286632,1.18754
1.18754,1.233267,1.267273,1.134458
1.134458,1.18754,1.233267,1.078063
1.078063,1.134458,1.18754,1.021283
1.021283,1.078063,1.134458,0.965883
0.965883,1.021283,1.078063,0.912684
0.912684,0.965883,1.021283,0.861823
0.861823,0.912684,0.965883,0.813029
0.813029,0.861823,0.912684,0.765889
0.765889,0.813029,0.861823,0.72009
0.72009,0.765889,0.813029,0.675568
0.675568,0.72009,0.765889,0.632548
0.632548,0.675568,0.72009,0.591509
0.591509,0.632548,0.675568,0.553138
0.553138,0.591509,0.632548,0.518356
0.518356,0.553138,0.591509,0.488427
0.488427,0.518356,0.553138,0.46515
0.46515,0.488427,0.518356,0.451069
0.451069,0.46515,0.488427,0.449518
0.449518,0.451069,0.46515,0.464138
0.464138,0.449518,0.451069,0.497449
0.497449,0.464138,0.449518,0.548889
0.548889,0.497449,0.464138,0.613937
0.613937,0.548889,0.497449,0.685516
0.685516,0.613937,0.548889,0.756539
0.756539,0.685516,0.613937,0.821649
0.821649,0.756539,0.685516,0.877611
0.877611,0.821649,0.756539,0.922941
0.922941,0.877611,0.821649,0.957377
0.957377,0.922941,0.877611,0.981433
0.981433,0.957377,0.922941,0.996094
0.996094,0.981433,0.957377,1.002626
1.002626,0.996094,0.981433,1.002505
1.002505,1.002626,0.996094,0.997416
0.997416,1.002505,1.002626,0.989331
0.989331,0.997416,1.002505,0.980616
0.980616,0.989331,0.997416,0.974093
0.974093,0.980616,0.989331,0.972911
0.972911,0.974093,0.980616,0.980045
0.980045,0.972911,0.974093,0.997456
0.997456,0.980045,0.972911,1.025106
1.025106,0.997456,0.980045,1.060061
1.060061,1.025106,0.997456,1.096296
1.096296,1.060061,1.025106,1.126435
1.126435,1.096296,1.060061,1.145185
1.145185,1.126435,1.096296,1.151448
1.151448,1.145185,1.126435,1.147526
1.147526,1.151448,1.145185,1.137132
1.137132,1.147526,1.151448,1.123948
1.123948,1.137132,1.147526,1.110994
1.110994,1.123948,1.137132,1.100433
1.100433,1.110994,1.123948,1.093503
1.093503,1.100433,1.110994,1.090464
1.090464,1.093503,1.100433,1.090554
1.090554,1.090464,1.093503,1.092009
1.092009,1.090554,1.090464,1.092154
1.092154,1.092009,1.090554,1.08757
1.08757,1.092154,1.092009,1.074588
1.074588,1.08757,1.092154,1.050551
1.050551,1.074588,1.08757,1.01553
1.01553,1.050551,1.074588,0.972735
0.972735,1.01553,1.050551,0.926852
0.926852,0.972735,1.01553,0.882125
0.882125,0.926852,0.972735,0.841574
0.841574,0.882125,0.926852,0.807007
0.807007,0.841574,0.882125,0.779199
0.779199,0.807007,0.841574,0.758018
0.758018,0.779199,0.807007,0.742566
0.742566,0.758018,0.779199,0.731406
0.731406,0.742566,0.758018,0.7229
0.7229,0.731406,0.742566,0.715607
0.715607,0.7229,0.731406,0.708656
0.708656,0.715607,0.7229,0.702035
0.702035,0.708656,0.715607,0.696789
0.696789,0.702035,0.708656,0.695155
0.695155,0.696789,0.702035,0.700526
0.700526,0.695155,0.696789,0.716816
0.716816,0.700526,0.695155,0.746707
0.746707,0.716816,0.700526,0.789509
0.789509,0.746707,0.716816,0.840822
0.840822,0.789509,0.746707,0.894785
0.894785,0.840822,0.789509,0.946675
0.946675,0.894785,0.840822,0.993905
0.993905,0.946675,0.894785,1.035658
1.035658,0.993905,0.946675,1.072137
1.072137,1.035658,0.993905,1.103946
1.103946,1.072137,1.035658,1.13172
1.13172,1.103946,1.072137,1.155965
1.155965,1.13172,1.103946,1.177045
1.177045,1.155965,1.13172,1.19525
1.19525,1.177045,1.155965,1.210928
1.210928,1.19525,1.177045,1.224643
1.224643,1.210928,1.19525,1.23732
1.23732,1.224643,1.210928,1.250254
1.250254,1.23732,1.224643,1.264696
1.264696,1.250254,1.23732,1.280754
1.280754,1.264696,1.250254,1.295926
1.295926,1.280754,1.264696,1.304798
1.304798,1.295926,1.280754,1.30136
1.30136,1.304798,1.295926,1.282431
1.282431,1.30136,1.304798,1.248773
1.248773,1.282431,1.30136,1.203585
1.203585,1.248773,1.282431,1.150617
1.150617,1.203585,1.248773,1.093152
1.093152,1.150617,1.203585,1.033733
1.033733,1.093152,1.150617,0.974216
0.974216,1.033733,1.093152,0.915907
0.915907,0.974216,1.033733,0.859682
0.859682,0.915907,0.974216,0.806072
0.806072,0.859682,0.915907,0.755304
0.755304,0.806072,0.859682,0.707338
0.707338,0.755304,0.806072,0.661923
0.661923,0.707338,0.755304,0.618766
0.618766,0.661923,0.707338,0.57779
0.57779,0.618766,0.661923,0.539365
0.539365,0.57779,0.618766,0.50434
0.50434,0.539365,0.57779,0.473962
0.473962,0.50434,0.539365,0.449885
0.449885,0.473962,0.50434,0.43436
0.43436,0.449885,0.473962,0.43046
0.43046,0.43436,0.449885,0.441959
0.441959,0.43046,0.43436,0.472278
0.472278,0.441959,0.43046,0.522256
0.522256,0.472278,0.441959,0.588109
0.588109,0.522256,0.472278,0.662049
0.662049,0.588109,0.522256,0.735564
0.735564,0.662049,0.588109,0.80232
0.80232,0.735564,0.662049,0.858901
0.858901,0.80232,0.735564,0.904119
0.904119,0.858901,0.80232,0.938081
0.938081,0.904119,0.858901,0.961541
0.961541,0.938081,0.904119,0.975573
0.975573,0.961541,0.938081,0.981463
0.981463,0.975573,0.961541,0.98067
0.98067,0.981463,0.975573,0.974844
0.974844,0.98067,0.981463,0.965872
0.965872,0.974844,0.98067,0.955985
0.955985,0.965872,0.974844,0.947869
0.947869,0.955985,0.965872,0.944657
0.944657,0.947869,0.955985,0.949571
0.949571,0.944657,0.947869,0.965078
0.965078,0.949571,0.944657,0.991748
0.991748,0.965078,0.949571,1.027218
1.027218,0.991748,0.965078,1.065921
1.065921,1.027218,0.991748,1.100647
1.100647,1.065921,1.027218,1.125785
1.125785,1.100647,1.065921,1.139541
1.139541,1.125785,1.100647,1.143502
1.143502,1.139541,1.125785,1.140898
1.140898,1.143502,1.139541,1.135167
1.135167,1.140898,1.143502,1.129238
1.129238,1.135167,1.140898,1.125241
1.125241,1.129238,1.135167,1.124412
1.124412,1.125241,1.129238,1.127041
1.127041,1.124412,1.125241,1.132491
1.132491,1.127041,1.124412,1.139256
1.139256,1.132491,1.127041,1.145032
1.145032,1.139256,1.132491,1.146719
1.146719,1.145032,1.139256,1.140542
1.140542,1.146719,1.145032,1.122941
1.122941,1.140542,1.146719,1.092564
1.092564,1.122941,1.140542,1.051655
1.051655,1.092564,1.122941,1.004876
1.004876,1.051655,1.092564,0.956938
0.956938,1.004876,1.051655,0.911294
0.911294,0.956938,1.004876,0.869992
0.869992,0.911294,0.956938,0.833904
0.833904,0.869992,0.911294,0.802975
0.802975,0.833904,0.869992,0.776445
0.776445,0.802975,0.833904,0.75312
0.75312,0.776445,0.802975,0.731683
0.731683,0.75312,0.776445,0.711024
0.711024,0.731683,0.75312,0.690511
0.690511,0.711024,0.731683,0.670155
0.670155,0.690511,0.711024,0.650707
0.650707,0.670155,0.690511,0.633757
0.633757,0.650707,0.670155,0.621894
0.621894,0.633757,0.650707,0.618745
0.618745,0.621894,0.633757,0.628412
0.628412,0.618745,0.621894,0.653867
0.653867,0.628412,0.618745,0.69491
0.69491,0.653867,0.628412,0.747548
0.747548,0.69491,0.653867,0.805795
0.805795,0.747548,0.69491,0.864214
0.864214,0.805795,0.747548,0.919217
0.919217,0.864214,0.805795,0.968989
0.968989,0.919217,0.864214,1.012876
1.012876,0.968989,0.919217,1.050798
1.050798,1.012876,0.968989,1.082888
1.082888,1.050798,1.012876,1.109334
1.109334,1.082888,1.050798,1.130368
1.130368,1.109334,1.082888,1.146335
1.146335,1.130368,1.109334,1.157821
1.157821,1.146335,1.130368,1.16579
1.16579,1.157821,1.146335,1.17174
1.17174,1.16579,1.157821,1.177759
1.177759,1.17174,1.16579,1.186302
1.186302,1.177759,1.17174,1.199457
1.199457,1.186302,1.177759,1.217701
1.217701,1.199457,1.186302,1.238616
1.238616,1.217701,1.199457,1.25661
1.25661,1.238616,1.217701,1.264766
1.264766,1.25661,1.238616,1.258152
1.258152,1.264766,1.25661,1.235818
1.235818,1.258152,1.264766,1.200128
1.200128,1.235818,1.258152,1.154887
1.154887,1.200128,1.235818,1.1039
1.1039,1.154887,1.200128,1.050333
1.050333,1.1039,1.154887,0.996577
0.996577,1.050333,1.1039,0.944317
0.944317,0.996577,1.050333,0.894628
0.894628,0.944317,0.996577,0.848034
0.848034,0.894628,0.944317,0.804508
0.804508,0.848034,0.894628,0.763481
0.763481,0.804508,0.848034,0.723987
0.723987,0.763481,0.804508,0.685046
0.685046,0.723987,0.763481,0.646212
0.646212,0.685046,0.723987,0.607917
0.607917,0.646212,0.685046,0.571394
0.571394,0.607917,0.646212,0.538323
0.538323,0.571394,0.607917,0.510647
0.510647,0.538323,0.571394,0.490642
0.490642,0.510647,0.538323,0.481118
0.481118,0.490642,0.510647,0.485367
0.485367,0.481118,0.490642,0.506452
0.506452,0.485367,0.481118,0.545643
0.545643,0.506452,0.485367,0.600816
0.600816,0.545643,0.506452,0.666462
0.666462,0.600816,0.545643,0.735702
0.735702,0.666462,0.600816,0.802596
0.802596,0.735702,0.666462,0.863192
0.863192,0.802596,0.735702,0.915333
0.915333,0.863192,0.802596,0.958045
0.958045,0.915333,0.863192,0.991048
0.991048,0.958045,0.915333,1.014557
1.014557,0.991048,0.958045,1.029238
1.029238,1.014557,0.991048,1.036179
1.036179,1.029238,1.014557,1.036836
1.036836,1.036179,1.029238,1.033001
1.033001,1.036836,1.036179,1.026813
1.026813,1.033001,1.036836,1.020815
1.020815,1.026813,1.033001,1.017924
1.017924,1.020815,1.026813,1.021163
1.021163,1.017924,1.020815,1.033033
1.033033,1.021163,1.017924,1.054562
1.054562,1.033033,1.021163,1.084289
1.084289,1.054562,1.033033,1.11755
1.11755,1.084289,1.054562,1.147159
1.147159,1.11755,1.084289,1.166234
1.166234,1.147159,1.11755,1.171403
1.171403,1.166234,1.147159,1.16353
1.16353,1.171403,1.166234,1.146078
1.146078,1.16353,1.171403,1.123176
1.123176,1.146078,1.16353,1.09851
1.09851,1.123176,1.146078,1.074927
1.074927,1.09851,1.123176,1.054358
1.054358,1.074927,1.09851,1.037797
1.037797,1.054358,1.074927,1.025239
1.025239,1.037797,1.054358,1.015616
1.015616,1.025239,1.037797,1.006796
1.006796,1.015616,1.025239,0.995774
0.995774,1.006796,1.015616,0.979204
0.979204,0.995774,1.006796,0.954462
0.954462,0.979204,0.995774,0.921015
0.921015,0.954462,0.979204,0.881002
0.881002,0.921015,0.954462,0.838263
0.838263,0.881002,0.921015,0.796774
0.796774,0.838263,0.881002,0.759792
0.759792,0.796774,0.838263,0.729733
0.729733,0.759792,0.796774,0.708225
0.708225,0.729733,0.759792,0.696068
0.696068,0.708225,0.729733,0.693122
0.693122,0.696068,0.708225,0.698307
0.698307,0.693122,0.696068,0.709853
0.709853,0.698307,0.693122,0.725752
0.725752,0.709853,0.698307,0.74429
0.74429,0.725752,0.709853,0.764513
0.764513,0.74429,0.725752,0.786554
0.786554,0.764513,0.74429,0.811716
0.811716,0.786554,0.764513,0.842063
0.842063,0.811716,0.786554,0.879202
0.879202,0.842063,0.811716,0.92259
0.92259,0.879202,0.842063,0.968978
0.968978,0.92259,0.879202,1.013982
1.013982,0.968978,0.92259,1.05424
1.05424,1.013982,0.968978,1.088328
1.088328,1.05424,1.013982,1.116473
1.116473,1.088328,1.05424,1.139879
1.139879,1.116473,1.088328,1.160112
1.160112,1.139879,1.116473,1.178656
1.178656,1.160112,1.139879,1.196627
1.196627,1.178656,1.160112,1.214649
1.214649,1.196627,1.178656,1.232874
1.232874,1.214649,1.196627,1.251102
1.251102,1.232874,1.214649,1.268897
1.268897,1.251102,1.232874,1.285593
1.285593,1.268897,1.251102,1.30002
1.30002,1.285593,1.268897,1.3099
1.3099,1.30002,1.285593,1.311386
1.311386,1.3099,1.30002,1.30005
1.30005,1.311386,1.3099,1.273576
1.273576,1.30005,1.311386,1.233379
1.233379,1.273576,1.30005,1.183325
1.183325,1.233379,1.273576,1.127546
1.127546,1.183325,1.233379,1.069254
1.069254,1.127546,1.183325,1.010541
1.010541,1.069254,1.127546,0.952611
0.952611,1.010541,1.069254,0.896083
0.896083,0.952611,1.010541,0.841265
0.841265,0.896083,0.952611,0.788335
0.788335,0.841265,0.896083,0.737448
0.737448,0.788335,0.841265,0.688763
0.688763,0.737448,0.788335,0.642454
0.642454,0.688763,0.737448,0.598723
0.598723,0.642454,0.688763,0.557849
0.557849,0.598723,0.642454,0.520299
0.520299,0.557849,0.598723,0.486867
0.486867,0.520299,0.557849,0.458804
0.458804,0.486867,0.520299,0.437963
0.437963,0.458804,0.486867,0.426964
0.426964,0.437963,0.458804,0.429224
0.429224,0.426964,0.437963,0.448421
0.448421,0.429224,0.426964,0.486957
0.486957,0.448421,0.429224,0.543819
0.543819,0.486957,0.448421,0.61361
0.61361,0.543819,0.486957,0.688229
0.688229,0.61361,0.543819,0.75993
0.75993,0.688229,0.61361,0.823357
0.823357,0.75993,0.688229,0.875803
0.875803,0.823357,0.75993,0.916518
0.916518,0.875803,0.823357,0.945921
0.945921,0.916518,0.875803,0.96502
0.96502,0.945921,0.916518,0.975106
0.975106,0.96502,0.945921,0.977616
0.977616,0.975106,0.96502,0.97412
0.97412,0.977616,0.975106,0.96637
0.96637,0.97412,0.977616,0.956398
0.956398,0.96637,0.97412,0.946634
0.946634,0.956398,0.96637,0.939969
0.939969,0.946634,0.956398,0.939606
0.939606,0.939969,0.946634,0.948514
0.948514,0.939606,0.939969,0.968502
0.968502,0.948514,0.939606,0.999146
0.999146,0.968502,0.948514,1.036925
1.036925,0.999146,0.968502,1.075412
1.075412,1.036925,0.999146,1.107591
1.107591,1.075412,1.036925,1.129155
1.129155,1.107591,1.075412,1.139786
1.139786,1.129155,1.107591,1.14194
1.14194,1.139786,1.129155,1.139048
1.139048,1.14194,1.139786,1.134371
1.134371,1.139048,1.14194,1.130494
1.130494,1.134371,1.139048,1.129145
1.129145,1.130494,1.134371,1.131129
1.131129,1.129145,1.130494,1.136308
1.136308,1.131129,1.129145,1.14366
1.14366,1.136308,1.131129,1.151376
1.151376,1.14366,1.136308,1.156916
1.156916,1.151376,1.14366,1.156974
1.156974,1.156916,1.151376,1.147708
1.147708,1.156974,1.156916,1.12602
1.12602,1.147708,1.156974,1.091693
1.091693,1.12602,1.147708,1.048062
1.048062,1.091693,1.12602,1.000093
1.000093,1.048062,1.091693,0.952168
0.952168,1.000093,1.048062,0.907222
0.907222,0.952168,1.000093,0.866816
0.866816,0.907222,0.952168,0.831413
0.831413,0.866816,0.907222,0.800638
0.800638,0.831413,0.866816,0.773536
0.773536,0.800638,0.831413,0.748873
0.748873,0.773536,0.800638,0.725456
0.725456,0.748873,0.773536,0.702433
0.702433,0.725456,0.748873,0.679494
0.679494,0.702433,0.725456,0.656965
0.656965,0.679494,0.702433,0.635864
0.635864,0.656965,0.679494,0.618023
0.618023,0.635864,0.656965,0.606259
0.606259,0.618023,0.635864,0.604353
0.604353,0.606259,0.618023,0.616305
0.616305,0.604353,0.606259,0.64459
0.64459,0.616305,0.604353,0.688261
0.688261,0.64459,0.616305,0.742802
0.742802,0.688261,0.64459,0.802186
0.802186,0.742802,0.688261,0.861224
0.861224,0.802186,0.742802,0.916571
0.916571,0.861224,0.802186,0.966518
0.966518,0.916571,0.861224,1.010389
1.010389,0.966518,0.916571,1.048024
1.048024,1.010389,0.966518,1.079467
1.079467,1.048024,1.010389,1.104862
1.104862,1.079467,1.048024,1.124459
1.124459,1.104862,1.079467,1.138695
1.138695,1.124459,1.104862,1.148304
1.148304,1.138695,1.124459,1.154446
1.154446,1.148304,1.138695,1.158842
1.158842,1.154446,1.148304,1.163793
1.163793,1.158842,1.154446,1.171892
1.171892,1.163793,1.158842,1.185233
1.185233,1.171892,1.163793,1.204187
1.204187,1.185233,1.171892,1.226208
1.226208,1.204187,1.185233,1.245613
1.245613,1.226208,1.204187,1.255392
1.255392,1.245613,1.226208,1.250477
1.250477,1.255392,1.245613,1.229795
1.229795,1.250477,1.255392,1.19568
1.19568,1.229795,1.250477,1.151986
1.151986,1.19568,1.229795,1.102598
1.102598,1.151986,1.19568,1.050755
1.050755,1.102598,1.151986,0.998896
0.998896,1.050755,1.102598,0.948727
0.948727,0.998896,1.050755,0.90131
0.90131,0.948727,0.998896,0.85711
0.85711,0.90131,0.948727,0.81598
0.81598,0.85711,0.90131,0.777172
0.777172,0.81598,0.85711,0.739509
0.739509,0.777172,0.81598,0.701849
0.701849,0.739509,0.777172,0.663688
0.663688,0.701849,0.739509,0.625533
0.625533,0.663688,0.701849,0.588764
0.588764,0.625533,0.663688,0.555226
0.555226,0.588764,0.625533,0.52698
0.52698,0.555226,0.588764,0.506368
0.506368,0.52698,0.555226,0.496179
0.496179,0.506368,0.52698,0.499584
0.499584,0.496179,0.506368,0.519434
0.519434,0.499584,0.496179,0.556828
0.556828,0.519434,0.499584,0.609727
0.609727,0.556828,0.519434,0.673038
0.673038,0.609727,0.556828,0.740417
0.740417,0.673038,0.609727,0.806314
0.806314,0.740417,0.673038,0.866906
0.866906,0.806314,0.740417,0.919953
0.919953,0.866906,0.806314,0.964268
0.964268,0.919953,0.866906,0.999297
0.999297,0.964268,0.919953,1.024988
1.024988,0.999297,0.964268,1.041798
1.041798,1.024988,0.999297,1.05069
1.05069,1.041798,1.024988,1.053062
1.053062,1.05069,1.041798,1.050689
1.050689,1.053062,1.05069,1.045715
1.045715,1.050689,1.053062,1.040676
1.040676,1.045715,1.050689,1.038447
1.038447,1.040676,1.045715,1.041976
1.041976,1.038447,1.040676,1.053666
1.053666,1.041976,1.038447,1.074494
1.074494,1.053666,1.041976,1.103024
1.103024,1.074494,1.053666,1.134696
1.134696,1.103024,1.074494,1.16239
1.16239,1.134696,1.103024,1.179128
1.179128,1.16239,1.134696,1.181349
1.181349,1.179128,1.16239,1.169841
1.169841,1.181349,1.179128,1.148159
1.148159,1.169841,1.181349,1.120591
1.120591,1.148159,1.169841,1.090966
1.090966,1.120591,1.148159,1.062233
1.062233,1.090966,1.120591,1.036398
1.036398,1.062233,1.090966,1.014532
1.014532,1.036398,1.062233,0.99673
0.99673,1.014532,1.036398,0.982037
0.982037,0.99673,1.014532,0.968454
0.968454,0.982037,0.99673,0.953157
0.953157,0.968454,0.982037,0.93308
0.93308,0.953157,0.968454,0.905956
0.905956,0.93308,0.953157,0.871497
0.871497,0.905956,0.93308,0.831772
0.831772,0.871497,0.905956,0.790306
0.790306,0.831772,0.871497,0.750769
0.750769,0.790306,0.831772,0.716288
0.716288,0.750769,0.790306,0.689355
0.689355,0.716288,0.750769,0.671844
0.671844,0.689355,0.716288,0.664875
0.664875,0.671844,0.689355,0.668563
0.668563,0.664875,0.671844,0.68191
0.68191,0.668563,0.664875,0.703023
0.703023,0.68191,0.668563,0.729645
0.729645,0.703023,0.68191,0.759766
0.759766,0.729645,0.703023,0.792114
0.792114,0.759766,0.729645,0.826405
0.826405,0.792114,0.759766,0.863243
0.863243,0.826405,0.792114,0.903483
0.903483,0.863243,0.826405,0.947046
0.947046,0.903483,0.863243,0.991971
0.991971,0.947046,0.903483,1.034902
1.034902,0.991971,0.947046,1.072749
1.072749,1.034902,0.991971,1.103931
1.103931,1.072749,1.034902,1.128496
1.128496,1.103931,1.072749,1.147655
1.147655,1.128496,1.103931,1.163223
1.163223,1.147655,1.128496,1.177157
1.177157,1.163223,1.147655,1.19117
1.19117,1.177157,1.163223,1.206433
1.206433,1.19117,1.177157,1.223394
1.223394,1.206433,1.19117,1.241735
1.241735,1.223394,1.206433,1.26043
1.26043,1.241735,1.223394,1.277822
1.277822,1.26043,1.241735,1.291578
1.291578,1.277822,1.26043,1.298522
1.298522,1.291578,1.277822,1.294761
1.294761,1.298522,1.291578,1.276946
1.276946,1.294761,1.298522,1.244354
1.244354,1.276946,1.294761,1.19955
1.19955,1.244354,1.276946,1.146802
1.146802,1.19955,1.244354,1.090183
1.090183,1.146802,1.19955,1.032672
1.032672,1.090183,1.146802,0.976085
0.976085,1.032672,1.090183,0.921304
0.921304,0.976085,1.032672,0.868572
0.868572,0.921304,0.976085,0.817775
0.817775,0.868572,0.921304,0.768693
0.768693,0.817775,0.868572,0.721193
0.721193,0.768693,0.817775,0.67532
0.67532,0.721193,0.768693,0.631308
0.631308,0.67532,0.721193,0.589552
0.589552,0.631308,0.67532,0.5506
0.5506,0.589552,0.631308,0.515212
0.515212,0.5506,0.589552,0.484493
0.484493,0.515212,0.5506,0.460074
0.460074,0.484493,0.515212,0.444313
0.444313,0.460074,0.484493,0.440392
0.440392,0.444313,0.460074,0.451992
0.451992,0.440392,0.444313,0.482084
0.482084,0.451992,0.440392,0.530946
0.530946,0.482084,0.451992,0.594807
0.594807,0.530946,0.482084,0.666712
0.666712,0.594807,0.530946,0.739091
0.739091,0.666712,0.594807,0.805939
0.805939,0.739091,0.666712,0.86356
0.86356,0.805939,0.739091,0.910267
0.910267,0.86356,0.805939,0.945774
0.945774,0.910267,0.86356,0.970643
0.970643,0.945774,0.910267,0.985912
0.985912,0.970643,0.945774,0.992878
0.992878,0.985912,0.970643,0.993014
0.993014,0.992878,0.985912,0.98797
0.98797,0.993014,0.992878,0.979654
0.979654,0.98797,0.993014,0.970338
0.970338,0.979654,0.98797,0.962752
0.962752,0.970338,0.979654,0.96001
0.96001,0.962752,0.970338,0.965206
0.965206,0.96001,0.962752,0.980626
0.980626,0.965206,0.96001,1.00675
1.00675,0.980626,0.965206,1.041302
1.041302,1.00675,0.980626,1.078822
1.078822,1.041302,1.00675,1.112006
1.112006,1.078822,1.041302,1.134987
1.134987,1.112006,1.078822,1.145864
1.145864,1.134987,1.112006,1.146365
1.146365,1.145864,1.134987,1.139948
1.139948,1.146365,1.145864,1.130249
1.130249,1.139948,1.146365,1.120336
1.120336,1.130249,1.139948,1.112457
1.112457,1.120336,1.130249,1.107947
1.107947,1.112457,1.120336,1.10718
1.10718,1.107947,1.112457,1.109542
1.109542,1.10718,1.107947,1.113466
1.113466,1.109542,1.10718,1.116514
1.116514,1.113466,1.109542,1.115467
1.115467,1.116514,1.113466,1.106593
1.106593,1.115467,1.116514,1.08665
1.08665,1.106593,1.115467,1.054728
1.054728,1.08665,1.106593,1.013329
1.013329,1.054728,1.08665,0.967095
0.967095,1.013329,1.054728,0.920603
0.920603,0.967095,1.013329,0.877212
0.877212,0.920603,0.967095,0.838948
0.838948,0.877212,0.920603,0.806712
0.806712,0.838948,0.877212,0.780472
0.780472,0.806712,0.838948,0.75944
0.75944,0.780472,0.806712,0.742312
0.742312,0.75944,0.780472,0.727581
0.727581,0.742312,0.75944,0.713911
0.713911,0.727581,0.742312,0.700463
0.700463,0.713911,0.727581,0.687149
0.687149,0.700463,0.713911,0.674774
0.674774,0.687149,0.700463,0.665176
0.665176,0.674774,0.687149,0.661327
0.661327,0.665176,0.674774,0.667154
0.667154,0.661327,0.665176,0.686467
0.686467,0.667154,0.661327,0.720869
0.720869,0.686467,0.667154,0.768074
0.768074,0.720869,0.686467,0.822677
0.822677,0.768074,0.720869,0.878826
0.878826,0.822677,0.768074,0.932298
0.932298,0.878826,0.822677,0.980915
0.980915,0.932298,0.878826,1.023994
1.023994,0.980915,0.932298,1.061635
1.061635,1.023994,0.980915,1.094225
1.094225,1.061635,1.023994,1.122167
1.122167,1.094225,1.061635,1.145783
1.145783,1.122167,1.094225,1.165352
1.165352,1.145783,1.122167,1.181208
1.181208,1.165352,1.145783,1.193893
1.193893,1.181208,1.165352,1.204334
1.204334,1.193893,1.181208,1.21397
1.21397,1.204334,1.193893,1.224688
1.224688,1.21397,1.204334,1.238262
1.238262,1.224688,1.21397,1.255129
1.255129,1.238262,1.224688,1.27294
1.27294,1.255129,1.238262,1.286218
1.286218,1.27294,1.255129,1.288448
1.288448,1.286218,1.27294,1.275486
1.275486,1.288448,1.286218,1.247173
1.247173,1.275486,1.288448,1.206257
1.206257,1.247173,1.275486,1.156501
1.156501,1.206257,1.247173,1.101449
1.101449,1.156501,1.206257,1.043964
1.043964,1.101449,1.156501,0.98619
0.98619,1.043964,1.101449,0.929644
0.929644,0.98619,1.043964,0.875333
0.875333,0.929644,0.98619,0.823826
0.823826,0.875333,0.929644,0.775291
0.775291,0.823826,0.875333,0.729516
0.729516,0.775291,0.823826,0.685997
0.685997,0.729516,0.775291,0.644176
0.644176,0.685997,0.729516,0.60381
0.60381,0.644176,0.685997,0.565257
0.565257,0.60381,0.644176,0.529468
0.529468,0.565257,0.60381,0.497807
0.497807,0.529468,0.565257,0.471979
0.471979,0.497807,0.529468,0.454183
0.454183,0.471979,0.497807,0.447334
0.447334,0.454183,0.471979,0.455022
0.455022,0.447334,0.454183,0.480671
0.480671,0.455022,0.447334,0.525599
0.525599,0.480671,0.455022,0.586995
0.586995,0.525599,0.480671,0.658056
0.658056,0.586995,0.525599,0.730704
0.730704,0.658056,0.586995,0.798457
0.798457,0.730704,0.658056,0.857459
0.857459,0.798457,0.730704,0.906035
0.906035,0.857459,0.798457,0.943854
0.943854,0.906035,0.857459,0.971297
0.971297,0.943854,0.906035,0.989153
0.989153,0.971297,0.943854,0.998506
0.998506,0.989153,0.971297,1.000695
1.000695,0.998506,0.989153,0.997297
0.997297,1.000695,0.998506,0.990146
0.990146,0.997297,1.000695,0.981409
0.981409,0.990146,0.997297,0.973686
0.973686,0.981409,0.990146,0.970009
0.970009,0.973686,0.981409,0.973559
0.973559,0.970009,0.973686,0.986926
0.986926,0.973559,0.970009,1.011033
1.011033,0.986926,0.973559,1.044061
1.044061,1.011033,0.986926,1.080921
1.080921,1.044061,1.011033,1.114365
1.114365,1.080921,1.044061,1.138095
1.138095,1.114365,1.080921,1.149519
1.149519,1.138095,1.114365,1.149833
1.149833,1.149519,1.138095,1.14231
1.14231,1.149833,1.149519,1.130654
1.130654,1.14231,1.149833,1.118124
1.118124,1.130654,1.14231,1.107193
1.107193,1.118124,1.130654,1.099442
1.099442,1.107193,1.118124,1.095508
1.095508,1.099442,1.107193,1.095035
1.095035,1.095508,1.099442,1.09667
1.09667,1.095035,1.095508,1.098111
1.098111,1.09667,1.095035,1.0962
1.0962,1.098111,1.09667,1.087212
1.087212,1.0962,1.098111,1.067817
1.067817,1.087212,1.0962,1.036841
1.036841,1.067817,1.087212,0.996426
0.996426,1.036841,1.067817,0.950987
0.950987,0.996426,1.036841,0.905085
0.905085,0.950987,0.996426,0.862205
0.862205,0.905085,0.950987,0.824575
0.824575,0.862205,0.905085,0.79333
0.79333,0.824575,0.862205,0.768669
0.768669,0.79333,0.824575,0.749978
0.749978,0.768669,0.79333,0.736027
0.736027,0.749978,0.768669,0.725257
0.725257,0.736027,0.749978,0.716157
0.716157,0.725257,0.736027,0.707637
0.707637,0.716157,0.725257,0.699344
0.699344,0.707637,0.716157,0.691886
0.691886,0.699344,0.707637,0.687004
0.687004,0.691886,0.699344,0.687654
0.687654,0.687004,0.691886,0.697718
0.697718,0.687654,0.687004,0.720768
0.720768,0.697718,0.687654,0.757882
0.757882,0.720768,0.697718,0.806213
0.806213,0.757882,0.720768,0.860171
0.860171,0.806213,0.757882,0.9142
0.9142,0.860171,0.806213,0.964614
0.964614,0.9142,0.860171,1.00977
1.00977,0.964614,0.9142,1.049409
1.049409,1.00977,0.964614,1.083943
1.083943,1.049409,1.00977,1.113981
1.113981,1.083943,1.049409,1.140068
1.140068,1.113981,1.083943,1.162618
1.162618,1.140068,1.113981,1.181942
1.181942,1.162618,1.140068,1.198359
1.198359,1.181942,1.162618,1.212344
1.212344,1.198359,1.181942,1.224702
1.224702,1.212344,1.198359,1.236669
1.236669,1.224702,1.212344,1.249762
1.249762,1.236669,1.224702,1.265031
1.265031,1.249762,1.236669,1.281665
1.281665,1.265031,1.249762,1.295788
1.295788,1.281665,1.265031,1.301211
1.301211,1.295788,1.281665,1.292623
1.292623,1.301211,1.295788,1.26839
1.26839,1.292623,1.301211,1.23044
1.23044,1.26839,1.292623,1.182357
1.182357,1.23044,1.26839,1.127794
1.127794,1.182357,1.23044,1.069782
1.069782,1.127794,1.182357,1.010614
1.010614,1.069782,1.127794,0.951945
0.951945,1.010614,1.069782,0.894917
0.894917,0.951945,1.010614,0.840268
0.840268,0.894917,0.951945,0.788392
0.788392,0.840268,0.894917,0.739373
0.739373,0.788392,0.840268,0.693021
0.693021,0.739373,0.788392,0.648978
0.648978,0.693021,0.739373,0.60696
0.60696,0.648978,0.693021,0.567048
0.567048,0.60696,0.648978,0.529843
0.529843,0.567048,0.60696,0.496407
0.496407,0.529843,0.567048,0.468171
0.468171,0.496407,0.529843,0.447014
0.447014,0.468171,0.496407,0.435496
0.435496,0.447014,0.468171,0.436993
0.436993,0.435496,0.447014,0.45529
0.45529,0.436993,0.435496,0.493052
0.493052,0.45529,0.436993,0.549452
0.549452,0.493052,0.45529,0.618967
0.618967,0.549452,0.493052,0.693236
0.693236,0.618967,0.549452,0.764479
0.764479,0.693236,0.618967,0.827557
0.827557,0.764479,0.693236,0.880008
0.880008,0.827557,0.764479,0.921189
0.921189,0.880008,0.827557,0.951448
0.951448,0.921189,0.880008,0.971623
0.971623,0.951448,0.921189,0.982832
0.982832,0.971623,0.951448,0.986405
0.986405,0.982832,0.971623,0.98386